      708651    
     827729868  
    821521100151
 720671820000008
5626811786008881
0878871117227761
8678027111111781
 86882222822250 
  1182228186508 
    69296  0701 
      170051   
     52775988  
 75582762111177
685861650000006
857601599688861
08785717777728 
 2566771717787 
 7696958622261 
768086827682262
   1111   75226
       156851   
 1177127755865  
8052807501000017
8820671821000118
8876871796888881
186862711111116 
 19285227777708 
    7825255860  
    7682228681  
      65228     
       78687     
     257772881   
    861297717721 
 898677810000098 
862087702295068  
667662112222787  
807582211111101  
 608825522725871 
26955286868080668
1777727     19592
       120821   
  111122755868  
1602867281000115
6825621851000008
8625871756888681
282682711117776 
 28682527777208 
    9805226068  
   6855222868   
   1771760206   
       170682     
   8685217070  
 151001187700  
680000018218627
 28880065115878
 76772271175629
 78711117725878
 16522002529888
  859672822851 
  7926  6228   
    158621      
   868557221111 
7510000182768208
8800000158126528
 286808657178570
 161171111728028
  88777772528687
   8000225689   
    8682225580  
    6920671771  
      70807      
    186577752    
  122111252180   
  850000016278606
  168905528776878
   58222221128929
   18111111220970
  120572255528005
56808686888055558
155551     772771
    158621      
   0689522217711
1210000185788256
8811000128120628
 788868697178076
 161171111726808
  86777772558251
   8685555581   
   1868222887   
      62258     
    158651     
   80622725    
127101178726652
880000002818656
 18086899515879
  6517777175670
  1877717779852
   822286958587
128220872686868
782257    11   