       77FFFFFF         
      7FFFFFFFFF        
     7FF44FFF44FF       
    77FF44FFF4FFF       
    77FFFFFFFFFFFF      
    77FFF8F888F8FF      
   77FFFFF88888FFF      
 7777FFFFFFFFFFFF       
 77777  7      FF       
   888888888888888888888
  77777777 7777788888888
       FFFFFF   FF   000
                    4000
                   4000 
                  400   
          77774777      
         77      77     
        77    4   77    
        777  777 777    
       7777  777  777   
       7777777777 777   
       777777777  7777  
        7 77777    77777
        77      7  77777
7777777777777777777777  
 7777777777777 777 7777 
 777        777777       
 7777        77         
  777                   
   7777                  